0 0.4126984126984127 0.18881987577639753 0.07301587301587302 0.18385093167701863
0 0.5047619047619047 0.19627329192546586 0.06984126984126984 0.1863354037267081
0 0.5920634920634921 0.1968944099378882 0.07936507936507936 0.1826086956521739
0 0.6777777777777778 0.20248447204968945 0.07301587301587302 0.17391304347826086
0 0.7722222222222223 0.19316770186335405 0.07142857142857142 0.19254658385093168
0 0.8587301587301587 0.18944099378881987 0.06984126984126984 0.18509316770186335
0 0.4150793650793651 0.39627329192546584 0.0746031746031746 0.2062111801242236
0 0.5071428571428571 0.3987577639751553 0.0746031746031746 0.19130434782608696
0 0.5928571428571429 0.39937888198757765 0.06825396825396825 0.19006211180124225
0 0.676984126984127 0.40559006211180126 0.07777777777777778 0.1875776397515528
0 0.7690476190476191 0.3968944099378882 0.0746031746031746 0.20496894409937888
0 0.8595238095238095 0.3925465838509317 0.07142857142857142 0.1987577639751553
0 0.7507936507936508 0.8236024844720498 0.17777777777777778 0.10434782608695653
